Environment:
	Python: 3.11.5
	PyTorch: 2.1.0
	Torchvision: 0.16.0
	CUDA: 11.8
	CUDNN: 8700
	NumPy: 1.26.0
	PIL: 9.4.0
Args:
	algorithm: PrecomputedHOGMLP
	checkpoint_freq: None
	data_dir: ./domainbed/data/
	dataset: HOGPACS
	holdout_fraction: 0.2
	hparams: {}
	hparams_seed: 0
	output_dir: plain/HOGPACS/0
	save_model_every_checkpoint: False
	seed: 0
	skip_model_save: False
	steps: None
	task: domain_generalization
	test_envs: [0]
	trial_seed: 0
	uda_holdout_fraction: 0
HParams:
	batch_size: 32
	class_balanced: False
	data_augmentation: True
	dinov2: False
	freeze_bn: False
	lars: False
	linear_steps: 500
	lr: 5e-05
	mlp_dropout: 0.0
	mlp_hidden_dim: 512
	mlp_num_layers: 2
	nonlinear_classifier: False
	resnet18: False
	resnet50_augmix: True
	resnet_dropout: 0.0
	vit: False
	vit_attn_tune: False
	vit_dropout: 0.0
	weight_decay: 0.0
env0_in_acc   env0_out_acc  env1_in_acc   env1_out_acc  env2_in_acc   env2_out_acc  env3_in_acc   env3_out_acc  epoch         loss          mem_gb        step          step_time    
0.2233068944  0.2029339853  0.1721748401  0.1752136752  0.2642215569  0.2365269461  0.0613867684  0.0522292994  0.0000000000  1.9475274086  0.2893910408  0             0.3166818619 
0.2623550946  0.3129584352  0.7665245203  0.4508547009  0.8585329341  0.6616766467  0.7220101781  0.6369426752  7.1856287425  1.1252808861  0.2899246216  300           0.0113704022 
0.2434411226  0.2567237164  0.9083155650  0.4764957265  0.9520958084  0.6347305389  0.8101145038  0.6560509554  14.371257485  0.6229671829  0.2899246216  600           0.0114118266 
0.2525930445  0.2762836186  0.9717484009  0.4957264957  0.9835329341  0.6616766467  0.8699109415  0.6687898089  21.556886227  0.3955738185  0.2899246216  900           0.0111075004 
0.2739475290  0.2689486553  0.9962686567  0.4679487179  0.9947604790  0.6287425150  0.9233460560  0.6789808917  28.742514970  0.2624103687  0.2899246216  1200          0.0112222163 
0.2605247102  0.2640586797  1.0000000000  0.4829059829  1.0000000000  0.6437125749  0.9576972010  0.6828025478  35.928143712  0.1727382248  0.2899246216  1500          0.0115031719 
0.2434411226  0.2616136919  1.0000000000  0.4914529915  1.0000000000  0.6287425150  0.9758269720  0.6828025478  43.113772455  0.1179953245  0.2899246216  1800          0.0111744197 
0.2727272727  0.2860635697  1.0000000000  0.4679487179  1.0000000000  0.6317365269  0.9879134860  0.6929936306  50.299401197  0.0828008224  0.2899246216  2100          0.0112827277 
0.2672361196  0.2713936430  1.0000000000  0.4850427350  1.0000000000  0.6287425150  0.9955470738  0.6866242038  57.485029940  0.0581718962  0.2899246216  2400          0.0116099302 
0.2617449664  0.2762836186  1.0000000000  0.4786324786  1.0000000000  0.6317365269  0.9993638677  0.6853503185  64.670658682  0.0419325924  0.2899246216  2700          0.0115718349 
0.2654057352  0.2787286064  1.0000000000  0.4807692308  1.0000000000  0.6347305389  1.0000000000  0.6853503185  71.856287425  0.0305348295  0.2899246216  3000          0.0113893867 
0.2647956071  0.2738386308  1.0000000000  0.4743589744  1.0000000000  0.6257485030  0.9996819338  0.6917197452  79.041916167  0.0222424722  0.2899246216  3300          0.0117761811 
0.2550335570  0.2713936430  1.0000000000  0.4722222222  1.0000000000  0.6227544910  1.0000000000  0.6828025478  86.227544910  0.0169053569  0.2899246216  3600          0.0121411888 
0.2641854790  0.2787286064  1.0000000000  0.4786324786  1.0000000000  0.6197604790  1.0000000000  0.6891719745  93.413173652  0.0128401662  0.2899246216  3900          0.0110500193 
0.2666259915  0.2665036675  1.0000000000  0.4807692308  1.0000000000  0.6197604790  1.0000000000  0.6878980892  100.59880239  0.0099871918  0.2899246216  4200          0.0111201310 
0.2586943258  0.2738386308  1.0000000000  0.4764957265  1.0000000000  0.6227544910  1.0000000000  0.6891719745  107.78443113  0.0079972709  0.2899246216  4500          0.0113183173 
0.2641854790  0.2787286064  1.0000000000  0.4722222222  1.0000000000  0.6197604790  1.0000000000  0.6866242038  114.97005988  0.0063190700  0.2899246216  4800          0.0117217835 
0.2629652227  0.2713936430  1.0000000000  0.4786324786  1.0000000000  0.6227544910  1.0000000000  0.6853503185  119.76047904  0.0052096037  0.2899246216  5000          0.0127229035 
