Environment:
	Python: 3.11.5
	PyTorch: 2.1.0
	Torchvision: 0.16.0
	CUDA: 11.8
	CUDNN: 8700
	NumPy: 1.26.0
	PIL: 9.4.0
Args:
	algorithm: PrecomputedHOGMLP
	checkpoint_freq: None
	data_dir: ./domainbed/data/
	dataset: HOGPACS
	holdout_fraction: 0.2
	hparams: {}
	hparams_seed: 0
	output_dir: plain/HOGPACS/2
	save_model_every_checkpoint: False
	seed: 0
	skip_model_save: False
	steps: None
	task: domain_generalization
	test_envs: [2]
	trial_seed: 0
	uda_holdout_fraction: 0
HParams:
	batch_size: 32
	class_balanced: False
	data_augmentation: True
	dinov2: False
	freeze_bn: False
	lars: False
	linear_steps: 500
	lr: 5e-05
	mlp_dropout: 0.0
	mlp_hidden_dim: 512
	mlp_num_layers: 2
	nonlinear_classifier: False
	resnet18: False
	resnet50_augmix: True
	resnet_dropout: 0.0
	vit: False
	vit_attn_tune: False
	vit_dropout: 0.0
	weight_decay: 0.0
env0_in_acc   env0_out_acc  env1_in_acc   env1_out_acc  env2_in_acc   env2_out_acc  env3_in_acc   env3_out_acc  epoch         loss          mem_gb        step          step_time    
0.1854789506  0.1735941320  0.1897654584  0.1688034188  0.1115269461  0.1257485030  0.2709923664  0.2904458599  0.0000000000  1.9544347525  0.2893910408  0             0.3278310299 
0.6601586333  0.4376528117  0.7547974414  0.4829059829  0.3368263473  0.3562874251  0.7102417303  0.6203821656  7.1856287425  1.3227523478  0.2899246216  300           0.0117575645 
0.7663209274  0.3814180929  0.8662046908  0.4807692308  0.2994011976  0.3203592814  0.8012086514  0.6611464968  14.371257485  0.8203615024  0.2899246216  600           0.0114962371 
0.9158023185  0.4254278729  0.9621535181  0.4679487179  0.3106287425  0.3233532934  0.8498727735  0.6700636943  21.556886227  0.5624617588  0.2899246216  900           0.0116660094 
0.9646125686  0.4083129584  0.9850746269  0.4615384615  0.3338323353  0.3203592814  0.9068066158  0.6738853503  28.742514970  0.3811396626  0.2899246216  1200          0.0122058185 
0.9914582062  0.4156479218  0.9962686567  0.4764957265  0.3211077844  0.3203592814  0.9417938931  0.6611464968  35.928143712  0.2641452633  0.2899246216  1500          0.0124845942 
0.9993898719  0.4352078240  1.0000000000  0.4551282051  0.3263473054  0.3233532934  0.9640585242  0.6751592357  43.113772455  0.1823564769  0.2899246216  1800          0.0129019761 
1.0000000000  0.4425427873  1.0000000000  0.4594017094  0.3323353293  0.3383233533  0.9802798982  0.6738853503  50.299401197  0.1247661380  0.2899246216  2100          0.0127215203 
1.0000000000  0.4303178484  1.0000000000  0.4700854701  0.3233532934  0.3323353293  0.9910941476  0.6751592357  57.485029940  0.0893486383  0.2899246216  2400          0.0130471126 
1.0000000000  0.4303178484  1.0000000000  0.4594017094  0.3211077844  0.3293413174  0.9980916031  0.6738853503  64.670658682  0.0658874035  0.2899246216  2700          0.0133016721 
1.0000000000  0.4376528117  1.0000000000  0.4722222222  0.3330838323  0.3413173653  0.9993638677  0.6738853503  71.856287425  0.0471220077  0.2899246216  3000          0.0129493284 
1.0000000000  0.4449877751  1.0000000000  0.4658119658  0.3338323353  0.3353293413  1.0000000000  0.6789808917  79.041916167  0.0348003368  0.2899246216  3300          0.0130773163 
1.0000000000  0.4254278729  1.0000000000  0.4658119658  0.3255988024  0.3383233533  1.0000000000  0.6764331210  86.227544910  0.0266328737  0.2899246216  3600          0.0128965243 
1.0000000000  0.4303178484  1.0000000000  0.4636752137  0.3263473054  0.3383233533  1.0000000000  0.6777070064  93.413173652  0.0205519906  0.2899246216  3900          0.0126233379 
1.0000000000  0.4229828851  1.0000000000  0.4658119658  0.3293413174  0.3443113772  1.0000000000  0.6828025478  100.59880239  0.0157279856  0.2899246216  4200          0.0130994622 
1.0000000000  0.4303178484  1.0000000000  0.4636752137  0.3300898204  0.3443113772  1.0000000000  0.6764331210  107.78443113  0.0123826516  0.2899246216  4500          0.0127110855 
1.0000000000  0.4254278729  1.0000000000  0.4636752137  0.3278443114  0.3413173653  1.0000000000  0.6802547771  114.97005988  0.0098387920  0.2899246216  4800          0.0125937064 
1.0000000000  0.4278728606  1.0000000000  0.4636752137  0.3323353293  0.3562874251  1.0000000000  0.6815286624  119.76047904  0.0081627835  0.2899246216  5000          0.0122949636 
