Environment:
	Python: 3.11.5
	PyTorch: 2.1.0
	Torchvision: 0.16.0
	CUDA: 11.8
	CUDNN: 8700
	NumPy: 1.26.0
	PIL: 9.4.0
Args:
	algorithm: PrecomputedHOGMLP
	checkpoint_freq: None
	data_dir: ./domainbed/data/
	dataset: HOGPACS
	holdout_fraction: 0.2
	hparams: {}
	hparams_seed: 0
	output_dir: plain/HOGPACS/3
	save_model_every_checkpoint: False
	seed: 0
	skip_model_save: False
	steps: None
	task: domain_generalization
	test_envs: [3]
	trial_seed: 0
	uda_holdout_fraction: 0
HParams:
	batch_size: 32
	class_balanced: False
	data_augmentation: True
	dinov2: False
	freeze_bn: False
	lars: False
	linear_steps: 500
	lr: 5e-05
	mlp_dropout: 0.0
	mlp_hidden_dim: 512
	mlp_num_layers: 2
	nonlinear_classifier: False
	resnet18: False
	resnet50_augmix: True
	resnet_dropout: 0.0
	vit: False
	vit_attn_tune: False
	vit_dropout: 0.0
	weight_decay: 0.0
env0_in_acc   env0_out_acc  env1_in_acc   env1_out_acc  env2_in_acc   env2_out_acc  env3_in_acc   env3_out_acc  epoch         loss          mem_gb        step          step_time    
0.2233068944  0.2029339853  0.1716417910  0.1752136752  0.2642215569  0.2365269461  0.0970101781  0.0917197452  0.0000000000  1.9501209259  0.2893910408  0             0.3662593365 
0.5485051861  0.3936430318  0.7062899787  0.4572649573  0.7702095808  0.6467065868  0.4844147583  0.4815286624  7.1856287425  1.3331775139  0.2899246216  300           0.0130436031 
0.7248322148  0.4107579462  0.8379530917  0.4743589744  0.8862275449  0.6137724551  0.4631043257  0.4726114650  14.371257485  0.8779531328  0.2899246216  600           0.0133213568 
0.8529591214  0.4107579462  0.9115138593  0.4893162393  0.9416167665  0.6257485030  0.4265267176  0.4496815287  21.556886227  0.6186379363  0.2899246216  900           0.0133694863 
0.9341061623  0.4327628362  0.9610874200  0.4529914530  0.9767964072  0.6227544910  0.4176208651  0.4356687898  28.742514970  0.4290782459  0.2899246216  1200          0.0133608850 
0.9749847468  0.4278728606  0.9872068230  0.4636752137  0.9955089820  0.6317365269  0.4169847328  0.4292993631  35.928143712  0.2906316978  0.2899246216  1500          0.0130738703 
0.9914582062  0.4254278729  0.9952025586  0.4487179487  1.0000000000  0.6347305389  0.4096692112  0.4178343949  43.113772455  0.1944776363  0.2899246216  1800          0.0132071575 
0.9987797437  0.4083129584  0.9994669510  0.4401709402  1.0000000000  0.6317365269  0.3944020356  0.4025477707  50.299401197  0.1322029068  0.2899246216  2100          0.0130446355 
1.0000000000  0.4009779951  1.0000000000  0.4380341880  1.0000000000  0.6317365269  0.3979007634  0.4000000000  57.485029940  0.0901118169  0.2899246216  2400          0.0138662442 
1.0000000000  0.4058679707  1.0000000000  0.4465811966  1.0000000000  0.6497005988  0.3982188295  0.4000000000  64.670658682  0.0627584691  0.2899246216  2700          0.0143343568 
1.0000000000  0.4083129584  1.0000000000  0.4465811966  1.0000000000  0.6437125749  0.3921755725  0.3961783439  71.856287425  0.0450235173  0.2899246216  3000          0.0137680650 
1.0000000000  0.4205378973  1.0000000000  0.4423076923  1.0000000000  0.6467065868  0.3886768448  0.3936305732  79.041916167  0.0333867046  0.2899246216  3300          0.0136012475 
1.0000000000  0.4278728606  1.0000000000  0.4572649573  1.0000000000  0.6437125749  0.3905852417  0.3910828025  86.227544910  0.0255653972  0.2899246216  3600          0.0125170096 
1.0000000000  0.4058679707  1.0000000000  0.4401709402  1.0000000000  0.6437125749  0.3902671756  0.3987261146  93.413173652  0.0196829548  0.2899246216  3900          0.0132493774 
1.0000000000  0.4205378973  1.0000000000  0.4487179487  1.0000000000  0.6467065868  0.3909033079  0.3949044586  100.59880239  0.0154763465  0.2899246216  4200          0.0125846593 
1.0000000000  0.4254278729  1.0000000000  0.4423076923  1.0000000000  0.6377245509  0.3899491094  0.3872611465  107.78443113  0.0120267318  0.2899246216  4500          0.0124662987 
1.0000000000  0.4156479218  1.0000000000  0.4508547009  1.0000000000  0.6526946108  0.3915394402  0.3923566879  114.97005988  0.0097383047  0.2899246216  4800          0.0119875145 
1.0000000000  0.3985330073  1.0000000000  0.4465811966  1.0000000000  0.6377245509  0.3880407125  0.3885350318  119.76047904  0.0080296862  0.2899246216  5000          0.0121029961 
