Environment:
	Python: 3.11.5
	PyTorch: 2.1.0
	Torchvision: 0.16.0
	CUDA: 11.8
	CUDNN: 8700
	NumPy: 1.26.0
	PIL: 9.4.0
Args:
	algorithm: PrecomputedHOGMLP
	checkpoint_freq: None
	data_dir: ./domainbed/data/
	dataset: HOGPACS
	holdout_fraction: 0.2
	hparams: {}
	hparams_seed: 0
	output_dir: plain/HOGPACS/1
	save_model_every_checkpoint: False
	seed: 0
	skip_model_save: False
	steps: None
	task: domain_generalization
	test_envs: [1]
	trial_seed: 0
	uda_holdout_fraction: 0
HParams:
	batch_size: 32
	class_balanced: False
	data_augmentation: True
	dinov2: False
	freeze_bn: False
	lars: False
	linear_steps: 500
	lr: 5e-05
	mlp_dropout: 0.0
	mlp_hidden_dim: 512
	mlp_num_layers: 2
	nonlinear_classifier: False
	resnet18: False
	resnet50_augmix: True
	resnet_dropout: 0.0
	vit: False
	vit_attn_tune: False
	vit_dropout: 0.0
	weight_decay: 0.0
env0_in_acc   env0_out_acc  env1_in_acc   env1_out_acc  env2_in_acc   env2_out_acc  env3_in_acc   env3_out_acc  epoch         loss          mem_gb        step          step_time    
0.2233068944  0.2029339853  0.1721748401  0.1752136752  0.2642215569  0.2365269461  0.0887404580  0.0764331210  0.0000000000  1.9475916624  0.2893910408  0             0.2855148315 
0.5790115924  0.4229828851  0.3395522388  0.3162393162  0.8390718563  0.6706586826  0.7057888041  0.6178343949  7.1856287425  1.2467329957  0.2899246216  300           0.0112866775 
0.8145210494  0.4596577017  0.3459488273  0.3076923077  0.9229041916  0.6676646707  0.8072519084  0.6547770701  14.371257485  0.7792797228  0.2899246216  600           0.0113677502 
0.9133618060  0.4376528117  0.3214285714  0.2927350427  0.9738023952  0.6646706587  0.8641857506  0.6726114650  21.556886227  0.5360205146  0.2899246216  900           0.0116033816 
0.9670530811  0.4303178484  0.3336886994  0.2948717949  0.9917664671  0.6586826347  0.9134860051  0.6713375796  28.742514970  0.3677038192  0.2899246216  1200          0.0130347522 
0.9926784625  0.4425427873  0.3358208955  0.2927350427  0.9992514970  0.6497005988  0.9468829517  0.6815286624  35.928143712  0.2525991555  0.2899246216  1500          0.0115746538 
1.0000000000  0.4303178484  0.3411513859  0.3055555556  1.0000000000  0.6467065868  0.9710559796  0.6713375796  43.113772455  0.1730674203  0.2899246216  1800          0.0115633774 
1.0000000000  0.4498777506  0.3331556503  0.2970085470  1.0000000000  0.6497005988  0.9847328244  0.6828025478  50.299401197  0.1206250185  0.2899246216  2100          0.0119025524 
1.0000000000  0.4327628362  0.3347547974  0.2927350427  1.0000000000  0.6407185629  0.9930025445  0.6904458599  57.485029940  0.0849120648  0.2899246216  2400          0.0124826662 
1.0000000000  0.4278728606  0.3347547974  0.2905982906  1.0000000000  0.6437125749  0.9974554707  0.6878980892  64.670658682  0.0622463332  0.2899246216  2700          0.0118061002 
1.0000000000  0.4254278729  0.3368869936  0.3012820513  1.0000000000  0.6497005988  0.9980916031  0.6891719745  71.856287425  0.0459115291  0.2899246216  3000          0.0118612337 
1.0000000000  0.4254278729  0.3342217484  0.2863247863  1.0000000000  0.6556886228  0.9996819338  0.6904458599  79.041916167  0.0339239758  0.2899246216  3300          0.0119248128 
1.0000000000  0.4205378973  0.3358208955  0.2948717949  1.0000000000  0.6586826347  1.0000000000  0.6904458599  86.227544910  0.0259837495  0.2899246216  3600          0.0119542591 
1.0000000000  0.4205378973  0.3363539446  0.2905982906  1.0000000000  0.6467065868  1.0000000000  0.6866242038  93.413173652  0.0193556881  0.2899246216  3900          0.0119559272 
1.0000000000  0.4180929095  0.3326226013  0.2991452991  1.0000000000  0.6467065868  1.0000000000  0.6904458599  100.59880239  0.0153173818  0.2899246216  4200          0.0117949208 
1.0000000000  0.4254278729  0.3315565032  0.2948717949  1.0000000000  0.6526946108  1.0000000000  0.6866242038  107.78443113  0.0121041185  0.2899246216  4500          0.0121107093 
1.0000000000  0.4205378973  0.3288912580  0.2991452991  1.0000000000  0.6497005988  1.0000000000  0.6828025478  114.97005988  0.0096001678  0.2899246216  4800          0.0119393102 
1.0000000000  0.4229828851  0.3331556503  0.2991452991  1.0000000000  0.6467065868  1.0000000000  0.6866242038  119.76047904  0.0078015993  0.2899246216  5000          0.0115407300 
